0,other,0,1073.0,490.0,1087.0,509.0,-1,-1,COLLISION,0.4968469440937042,14335
0,other,1,781.0,494.0,795.0,514.0,-1,-1,COLLISION,0.8117474317550659,14336
1,other,1,1073.0,490.0,1086.0,509.0,-1,-1,COLLISION,0.5785460472106934,14335
1,other,2,780.0,493.0,795.0,514.0,-1,-1,COLLISION,0.8535469174385071,14336
2,other,2,1073.0,488.0,1086.0,509.0,-1,-1,COLLISION,0.595029354095459,14335
2,other,3,780.0,493.0,795.0,514.0,-1,-1,COLLISION,0.8511999845504761,14336
3,other,3,1073.0,489.0,1086.0,509.0,-1,-1,COLLISION,0.6131021976470947,14335
3,other,4,780.0,494.0,795.0,514.0,-1,-1,COLLISION,0.8482292294502258,14336
4,other,4,1073.0,489.0,1086.0,509.0,-1,-1,COLLISION,0.6567519903182983,14335
4,other,5,780.0,493.0,794.0,513.0,-1,-1,COLLISION,0.8314143419265747,14336
5,other,5,1072.0,490.0,1085.0,509.0,-1,-1,COLLISION,0.6729889512062073,14335
5,other,6,780.0,493.0,794.0,513.0,-1,-1,COLLISION,0.8175976276397705,14336
6,other,6,1072.0,489.0,1086.0,510.0,-1,-1,COLLISION,0.6365944743156433,14335
6,other,7,780.0,494.0,794.0,514.0,-1,-1,COLLISION,0.8335529565811157,14336
7,other,7,1073.0,490.0,1086.0,509.0,-1,-1,COLLISION,0.561808168888092,14335
7,other,8,780.0,493.0,794.0,514.0,-1,-1,COLLISION,0.8433123826980591,14336
8,other,8,1071.0,490.0,1084.0,510.0,-1,-1,COLLISION,0.6648969650268555,14335
8,other,9,778.0,493.0,792.0,514.0,-1,-1,COLLISION,0.8334629535675049,14336
9,other,9,1072.0,492.0,1085.0,511.0,-1,-1,COLLISION,0.6089061498641968,14335
9,other,10,777.0,496.0,791.0,515.0,-1,-1,COLLISION,0.7462918162345886,14336
10,other,10,1070.0,494.0,1084.0,511.0,-1,-1,COLLISION,0.6838144659996033,14335
10,other,11,777.0,496.0,791.0,515.0,-1,-1,COLLISION,0.7172656655311584,14336
11,other,11,1069.0,494.0,1082.0,513.0,-1,-1,COLLISION,0.7333962917327881,14335
11,other,12,776.0,496.0,791.0,516.0,-1,-1,COLLISION,0.7088345289230347,14336
12,other,12,1068.0,498.0,1082.0,516.0,-1,-1,COLLISION,0.6588579416275024,14335
12,other,13,772.0,501.0,785.0,519.0,-1,-1,COLLISION,0.4739637076854706,14336
13,other,13,1067.0,496.0,1081.0,516.0,-1,-1,COLLISION,0.7478014826774597,14335
13,other,14,772.0,499.0,786.0,516.0,-1,-1,COLLISION,0.5213335752487183,14336
14,other,14,811.0,494.0,825.0,514.0,-1,-1,COLLISION,0.8733386397361755,14336
14,other,15,1111.0,489.0,1125.0,509.0,-1,-1,COLLISION,0.7135741114616394,14335
15,other,15,819.0,496.0,833.0,515.0,-1,-1,COLLISION,0.7633736729621887,14336
15,other,16,1121.0,492.0,1135.0,512.0,-1,-1,COLLISION,0.7711310982704163,14335
16,other,16,821.0,495.0,835.0,514.0,-1,-1,COLLISION,0.8436040282249451,14336
16,other,17,1121.0,491.0,1136.0,512.0,-1,-1,COLLISION,0.7837458848953247,14335
17,other,17,821.0,495.0,836.0,514.0,-1,-1,COLLISION,0.8382279276847839,14336
17,other,18,1124.0,491.0,1137.0,511.0,-1,-1,COLLISION,0.7752388119697571,14335
18,other,18,825.0,495.0,839.0,514.0,-1,-1,COLLISION,0.8404098153114319,14336
18,other,19,1126.0,490.0,1140.0,509.0,-1,-1,COLLISION,0.6877620816230774,14335
19,other,19,827.0,493.0,841.0,513.0,-1,-1,COLLISION,0.842035710811615,14336
19,other,20,1128.0,490.0,1143.0,508.0,-1,-1,COLLISION,0.6503681540489197,14335
20,other,20,827.0,493.0,842.0,513.0,-1,-1,COLLISION,0.8253990411758423,14336
20,other,21,1129.0,489.0,1143.0,507.0,-1,-1,COLLISION,0.6884164810180664,14335
21,other,21,830.0,494.0,844.0,513.0,-1,-1,COLLISION,0.7940673232078552,14336
21,other,22,1132.0,489.0,1145.0,509.0,-1,-1,COLLISION,0.6156911849975586,14335
22,other,22,833.0,494.0,847.0,514.0,-1,-1,COLLISION,0.7429105639457703,14336
22,other,23,1136.0,489.0,1150.0,510.0,-1,-1,COLLISION,0.698336660861969,14335
23,other,23,835.0,496.0,850.0,515.0,-1,-1,COLLISION,0.7712246775627136,14336
23,other,24,1137.0,489.0,1152.0,512.0,-1,-1,COLLISION,0.7877761125564575,14335
24,other,24,836.0,495.0,850.0,514.0,-1,-1,COLLISION,0.8132356405258179,14336
24,other,25,1138.0,489.0,1153.0,510.0,-1,-1,COLLISION,0.7694235444068909,14335
25,other,25,838.0,497.0,852.0,516.0,-1,-1,COLLISION,0.7905943989753723,14336
25,other,26,1140.0,491.0,1154.0,513.0,-1,-1,COLLISION,0.828265368938446,14335
26,other,26,840.0,496.0,853.0,515.0,-1,-1,COLLISION,0.7503809928894043,14336
26,other,27,1142.0,493.0,1156.0,512.0,-1,-1,COLLISION,0.791225790977478,14335
27,other,27,840.0,498.0,854.0,517.0,-1,-1,COLLISION,0.7480606436729431,14336
27,other,28,1142.0,493.0,1157.0,513.0,-1,-1,COLLISION,0.7929189205169678,14335
28,other,28,842.0,500.0,856.0,520.0,-1,-1,COLLISION,0.7440983057022095,14336
28,other,29,1145.0,495.0,1159.0,516.0,-1,-1,COLLISION,0.6845380067825317,14335
29,other,29,843.0,498.0,857.0,519.0,-1,-1,COLLISION,0.7017959356307983,14336
29,other,30,1147.0,496.0,1162.0,514.0,-1,-1,COLLISION,0.6713706254959106,14335
30,other,30,845.0,500.0,859.0,518.0,-1,-1,COLLISION,0.6435912251472473,14336
30,other,31,1150.0,497.0,1164.0,516.0,-1,-1,COLLISION,0.6709174513816833,14335
31,other,31,846.0,498.0,860.0,516.0,-1,-1,COLLISION,0.6482143402099609,14336
31,other,32,1152.0,497.0,1166.0,515.0,-1,-1,COLLISION,0.6314793229103088,14335
32,other,32,846.0,498.0,860.0,515.0,-1,-1,COLLISION,0.6524194478988647,14336
32,other,33,1152.0,496.0,1166.0,515.0,-1,-1,COLLISION,0.7084452509880066,14335
33,other,33,849.0,498.0,862.0,515.0,-1,-1,COLLISION,0.6297913193702698,14336
33,other,34,1153.0,496.0,1167.0,514.0,-1,-1,COLLISION,0.724643886089325,14335
34,other,34,851.0,498.0,864.0,518.0,-1,-1,COLLISION,0.6540113687515259,14336
34,other,35,1155.0,497.0,1168.0,517.0,-1,-1,COLLISION,0.729469358921051,14335
35,other,35,852.0,497.0,866.0,516.0,-1,-1,COLLISION,0.7786432504653931,14336
35,other,36,1156.0,496.0,1171.0,515.0,-1,-1,COLLISION,0.7800419926643372,14335
36,other,36,853.0,496.0,867.0,516.0,-1,-1,COLLISION,0.7828510999679565,14336
36,other,37,1157.0,497.0,1171.0,515.0,-1,-1,COLLISION,0.742889940738678,14335
37,other,37,854.0,497.0,868.0,517.0,-1,-1,COLLISION,0.7902005910873413,14336
37,other,38,1158.0,498.0,1172.0,517.0,-1,-1,COLLISION,0.7102025747299194,14335
38,other,38,857.0,497.0,872.0,516.0,-1,-1,COLLISION,0.786404550075531,14336
38,other,39,1163.0,496.0,1177.0,515.0,-1,-1,COLLISION,0.6624898910522461,14335
39,other,39,858.0,497.0,873.0,516.0,-1,-1,COLLISION,0.7685697078704834,14336
39,other,40,1164.0,496.0,1178.0,515.0,-1,-1,COLLISION,0.677675724029541,14335
40,other,40,861.0,496.0,876.0,514.0,-1,-1,COLLISION,0.6217391490936279,14336
40,other,41,1167.0,493.0,1182.0,514.0,-1,-1,COLLISION,0.8627542853355408,14335
41,other,41,863.0,495.0,878.0,515.0,-1,-1,COLLISION,0.6854634284973145,14336
41,other,42,1169.0,493.0,1183.0,514.0,-1,-1,COLLISION,0.8277339339256287,14335
42,other,42,866.0,494.0,879.0,514.0,-1,-1,COLLISION,0.8012086153030396,14336
42,other,43,1170.0,492.0,1184.0,512.0,-1,-1,COLLISION,0.7930220365524292,14335
43,other,43,867.0,491.0,881.0,513.0,-1,-1,COLLISION,0.8248884081840515,14336
43,other,44,1173.0,489.0,1187.0,508.0,-1,-1,COLLISION,0.7525869607925415,14335
44,other,44,871.0,492.0,885.0,512.0,-1,-1,COLLISION,0.865959882736206,14336
44,other,45,1175.0,489.0,1189.0,508.0,-1,-1,COLLISION,0.6308755278587341,14335
45,other,45,871.0,490.0,885.0,511.0,-1,-1,COLLISION,0.8281147480010986,14336
45,other,46,1177.0,489.0,1191.0,507.0,-1,-1,COLLISION,0.6390895843505859,14335
46,other,46,873.0,489.0,887.0,510.0,-1,-1,COLLISION,0.7600118517875671,14336
46,other,47,1181.0,488.0,1194.0,506.0,-1,-1,COLLISION,0.6267575025558472,14335
47,other,47,877.0,491.0,891.0,512.0,-1,-1,COLLISION,0.7354329228401184,14336
47,other,48,1185.0,488.0,1198.0,507.0,-1,-1,COLLISION,0.6712086200714111,14335
48,other,48,879.0,492.0,893.0,513.0,-1,-1,COLLISION,0.7584989070892334,14336
48,other,49,1186.0,487.0,1200.0,507.0,-1,-1,COLLISION,0.6706786155700684,14335
49,other,49,880.0,494.0,895.0,514.0,-1,-1,COLLISION,0.8161261081695557,14336
49,other,50,1187.0,489.0,1201.0,511.0,-1,-1,COLLISION,0.7273436784744263,14335
50,other,50,883.0,494.0,897.0,515.0,-1,-1,COLLISION,0.8512492179870605,14336
50,other,51,1189.0,489.0,1203.0,509.0,-1,-1,COLLISION,0.7383712530136108,14335
51,other,51,884.0,494.0,899.0,514.0,-1,-1,COLLISION,0.8784559965133667,14336
51,other,52,1192.0,488.0,1204.0,509.0,-1,-1,COLLISION,0.6764220595359802,14335
52,other,52,885.0,496.0,899.0,515.0,-1,-1,COLLISION,0.8110543489456177,14336
52,other,53,1193.0,492.0,1206.0,511.0,-1,-1,COLLISION,0.6282413005828857,14335
53,other,53,886.0,497.0,901.0,516.0,-1,-1,COLLISION,0.815617561340332,14336
53,other,54,1194.0,491.0,1208.0,511.0,-1,-1,COLLISION,0.701504647731781,14335
54,other,54,886.0,498.0,901.0,518.0,-1,-1,COLLISION,0.7651739120483398,14336
54,other,55,1197.0,494.0,1211.0,514.0,-1,-1,COLLISION,0.8063108921051025,14335
55,other,55,889.0,499.0,903.0,519.0,-1,-1,COLLISION,0.6837977766990662,14336
55,other,56,1198.0,494.0,1212.0,514.0,-1,-1,COLLISION,0.8068362474441528,14335
56,other,56,891.0,499.0,905.0,519.0,-1,-1,COLLISION,0.5917529463768005,14336
56,other,57,1199.0,493.0,1213.0,514.0,-1,-1,COLLISION,0.8139375448226929,14335
57,other,57,893.0,499.0,906.0,519.0,-1,-1,COLLISION,0.5289362072944641,14336
57,other,58,1201.0,497.0,1215.0,515.0,-1,-1,COLLISION,0.8076749444007874,14335
58,other,58,895.0,500.0,908.0,521.0,-1,-1,COLLISION,0.6984798908233643,14336
58,other,59,1203.0,498.0,1217.0,518.0,-1,-1,COLLISION,0.7096955180168152,14335
59,other,59,896.0,497.0,909.0,517.0,-1,-1,COLLISION,0.752714216709137,14336
59,other,60,1204.0,497.0,1218.0,514.0,-1,-1,COLLISION,0.7187784910202026,14335
60,other,60,898.0,498.0,910.0,518.0,-1,-1,COLLISION,0.756521463394165,14336
60,other,61,1205.0,498.0,1219.0,516.0,-1,-1,COLLISION,0.6358352303504944,14335
61,other,61,898.0,497.0,911.0,517.0,-1,-1,COLLISION,0.7985142469406128,14336
61,other,62,1206.0,496.0,1220.0,514.0,-1,-1,COLLISION,0.6459336876869202,14335
62,other,62,899.0,494.0,914.0,514.0,-1,-1,COLLISION,0.8354499936103821,14336
62,other,63,1210.0,495.0,1225.0,515.0,-1,-1,COLLISION,0.6774961352348328,14335
63,other,63,900.0,494.0,914.0,514.0,-1,-1,COLLISION,0.8719783425331116,14336
63,other,64,1211.0,495.0,1225.0,515.0,-1,-1,COLLISION,0.7561773657798767,14335
64,other,64,902.0,492.0,917.0,513.0,-1,-1,COLLISION,0.8454880118370056,14336
64,other,65,1214.0,491.0,1228.0,512.0,-1,-1,COLLISION,0.8065480589866638,14335
65,other,65,905.0,489.0,919.0,511.0,-1,-1,COLLISION,0.7767794132232666,14336
65,other,66,1216.0,491.0,1229.0,511.0,-1,-1,COLLISION,0.7456862330436707,14335
66,other,66,907.0,490.0,920.0,511.0,-1,-1,COLLISION,0.7340858578681946,14336
66,other,67,1216.0,491.0,1230.0,511.0,-1,-1,COLLISION,0.782986581325531,14335
67,other,67,909.0,489.0,923.0,511.0,-1,-1,COLLISION,0.7994969487190247,14336
67,other,68,1219.0,489.0,1232.0,511.0,-1,-1,COLLISION,0.7588655948638916,14335
68,other,68,909.0,489.0,924.0,512.0,-1,-1,COLLISION,0.8050772547721863,14336
68,other,69,1218.0,489.0,1233.0,511.0,-1,-1,COLLISION,0.7752420902252197,14335
69,other,69,914.0,490.0,928.0,512.0,-1,-1,COLLISION,0.859825074672699,14336
69,other,70,1225.0,491.0,1239.0,511.0,-1,-1,COLLISION,0.7143858671188354,14335
70,other,70,915.0,491.0,929.0,512.0,-1,-1,COLLISION,0.8522480130195618,14336
70,other,71,1226.0,489.0,1240.0,511.0,-1,-1,COLLISION,0.6844208240509033,14335
71,other,71,916.0,493.0,931.0,514.0,-1,-1,COLLISION,0.8746412992477417,14336
71,other,72,1228.0,492.0,1242.0,511.0,-1,-1,COLLISION,0.7342114448547363,14335
72,other,72,920.0,493.0,934.0,513.0,-1,-1,COLLISION,0.7763243317604065,14336
72,other,73,1231.0,488.0,1245.0,509.0,-1,-1,COLLISION,0.7709382176399231,14335
73,other,73,927.0,492.0,939.0,512.0,-1,-1,COLLISION,0.7657310962677002,14336
73,other,74,1238.0,488.0,1252.0,506.0,-1,-1,COLLISION,0.639550507068634,14335
74,other,74,928.0,492.0,941.0,513.0,-1,-1,COLLISION,0.7896933555603027,14336
74,other,75,1239.0,488.0,1253.0,509.0,-1,-1,COLLISION,0.6243817210197449,14335
75,other,75,929.0,493.0,942.0,514.0,-1,-1,COLLISION,0.8384556770324707,14336
75,other,76,1242.0,488.0,1256.0,509.0,-1,-1,COLLISION,0.6235965490341187,14335
76,other,76,931.0,494.0,945.0,514.0,-1,-1,COLLISION,0.8285321593284607,14336
76,other,77,1245.0,488.0,1259.0,509.0,-1,-1,COLLISION,0.7531554698944092,14335
77,other,77,938.0,494.0,952.0,515.0,-1,-1,COLLISION,0.6638413667678833,14336
77,other,78,1250.0,489.0,1263.0,509.0,-1,-1,COLLISION,0.6972199082374573,14335
78,other,78,938.0,496.0,951.0,515.0,-1,-1,COLLISION,0.5955100059509277,14336
78,other,79,1251.0,490.0,1265.0,510.0,-1,-1,COLLISION,0.7073095440864563,14335
79,other,79,942.0,497.0,955.0,515.0,-1,-1,COLLISION,0.6866497993469238,14336
79,other,80,1255.0,491.0,1269.0,511.0,-1,-1,COLLISION,0.7060315012931824,14335
80,other,80,943.0,497.0,957.0,517.0,-1,-1,COLLISION,0.7063121199607849,14336
80,other,81,1256.0,492.0,1270.0,512.0,-1,-1,COLLISION,0.7109143733978271,14335
81,other,81,945.0,497.0,960.0,518.0,-1,-1,COLLISION,0.6141343712806702,14336
81,other,82,1260.0,491.0,1274.0,512.0,-1,-1,COLLISION,0.8096839785575867,14335
82,other,82,1262.0,494.0,1276.0,514.0,-1,-1,COLLISION,0.814685046672821,14335
82,other,83,948.0,498.0,962.0,518.0,-1,-1,COLLISION,0.47504758834838867,14336
82,other,84,818.0,741.0,836.0,759.0,-1,-1,COLLISION,0.2955131530761719,14321
83,other,83,1263.0,493.0,1277.0,513.0,-1,-1,COLLISION,0.7759626507759094,14335
83,other,84,950.0,496.0,964.0,517.0,-1,-1,COLLISION,0.4020380675792694,14336
84,other,84,1265.0,495.0,1279.0,513.0,-1,-1,COLLISION,0.6413293480873108,14335
84,other,85,953.0,497.0,966.0,518.0,-1,-1,COLLISION,0.4852638244628906,14336
85,other,85,1269.0,493.0,1283.0,512.0,-1,-1,COLLISION,0.7111498713493347,14335
85,other,86,954.0,494.0,968.0,515.0,-1,-1,COLLISION,0.5376291275024414,14336
86,other,86,1272.0,494.0,1287.0,515.0,-1,-1,COLLISION,0.8257762789726257,14335
86,other,87,956.0,494.0,970.0,515.0,-1,-1,COLLISION,0.3331228196620941,14336
87,other,87,1272.0,493.0,1287.0,514.0,-1,-1,COLLISION,0.816723644733429,14335
87,other,88,956.0,492.0,970.0,512.0,-1,-1,COLLISION,0.3698774576187134,14336
88,other,88,1275.0,493.0,1289.0,513.0,-1,-1,COLLISION,0.8048527240753174,14336
89,other,89,1276.0,495.0,1291.0,515.0,-1,-1,COLLISION,0.8101917505264282,14336
90,other,90,1278.0,494.0,1292.0,515.0,-1,-1,COLLISION,0.768441915512085,14336
91,other,91,1281.0,496.0,1294.0,516.0,-1,-1,COLLISION,0.695755660533905,14336
92,other,92,1282.0,497.0,1296.0,516.0,-1,-1,COLLISION,0.4858991205692291,14336
93,other,93,1286.0,498.0,1299.0,515.0,-1,-1,COLLISION,0.6337470412254333,14336
94,other,94,1287.0,498.0,1301.0,516.0,-1,-1,COLLISION,0.6851999163627625,14336
95,other,95,1289.0,494.0,1304.0,514.0,-1,-1,COLLISION,0.8202943205833435,14336
96,other,96,1292.0,492.0,1307.0,513.0,-1,-1,COLLISION,0.8094388246536255,14336
97,other,97,1294.0,491.0,1308.0,510.0,-1,-1,COLLISION,0.7552839517593384,14336
98,other,98,1299.0,490.0,1312.0,510.0,-1,-1,COLLISION,0.690077543258667,14336
99,other,99,1300.0,489.0,1314.0,509.0,-1,-1,COLLISION,0.6375977993011475,14336
100,other,100,1304.0,488.0,1317.0,508.0,-1,-1,COLLISION,0.7217679023742676,14336
101,other,101,1307.0,486.0,1320.0,507.0,-1,-1,COLLISION,0.7025537490844727,14336
102,other,102,1310.0,487.0,1323.0,506.0,-1,-1,COLLISION,0.7036843299865723,14336
103,other,103,1312.0,487.0,1325.0,506.0,-1,-1,COLLISION,0.6831598281860352,14336
104,other,104,1316.0,486.0,1330.0,508.0,-1,-1,COLLISION,0.6868858933448792,14336
105,other,105,1318.0,488.0,1332.0,509.0,-1,-1,COLLISION,0.7380812168121338,14336
106,other,106,1321.0,490.0,1335.0,511.0,-1,-1,COLLISION,0.759987473487854,14336
107,other,107,1323.0,491.0,1337.0,510.0,-1,-1,COLLISION,0.716057538986206,14336
108,other,108,1325.0,491.0,1339.0,510.0,-1,-1,COLLISION,0.6501536965370178,14336
109,other,109,1329.0,492.0,1343.0,513.0,-1,-1,COLLISION,0.7009711265563965,14336
110,other,110,1333.0,492.0,1347.0,513.0,-1,-1,COLLISION,0.7972623705863953,14336
111,other,111,1335.0,495.0,1350.0,514.0,-1,-1,COLLISION,0.720329225063324,14336
112,other,112,1339.0,496.0,1353.0,515.0,-1,-1,COLLISION,0.7132455706596375,14336
113,other,113,1340.0,497.0,1355.0,514.0,-1,-1,COLLISION,0.6355996131896973,14336
114,other,114,1346.0,495.0,1360.0,515.0,-1,-1,COLLISION,0.6351691484451294,14335
114,other,115,1019.0,496.0,1033.0,515.0,-1,-1,COLLISION,0.3436107635498047,14336
115,other,115,1347.0,495.0,1361.0,515.0,-1,-1,COLLISION,0.7263696789741516,14335
115,other,116,1020.0,496.0,1034.0,516.0,-1,-1,COLLISION,0.3236722946166992,14336
116,other,116,1349.0,494.0,1364.0,514.0,-1,-1,COLLISION,0.8384294509887695,14335
116,other,117,1024.0,494.0,1037.0,514.0,-1,-1,COLLISION,0.3758171796798706,14336
117,other,117,1352.0,493.0,1367.0,514.0,-1,-1,COLLISION,0.7741273641586304,14335
117,other,118,1027.0,494.0,1041.0,513.0,-1,-1,COLLISION,0.3995489776134491,14336
117,other,119,1818.0,495.0,1831.0,510.0,-1,-1,COLLISION,0.2752341330051422,14321
118,other,118,1357.0,493.0,1371.0,512.0,-1,-1,COLLISION,0.7342228293418884,14335
118,other,119,1030.0,494.0,1043.0,512.0,-1,-1,COLLISION,0.4825398623943329,14336
119,other,119,1360.0,492.0,1374.0,512.0,-1,-1,COLLISION,0.7203144431114197,14335
119,other,120,1031.0,490.0,1046.0,510.0,-1,-1,COLLISION,0.44197627902030945,14336
120,other,120,1365.0,490.0,1378.0,511.0,-1,-1,COLLISION,0.8116063475608826,14335
120,other,121,1037.0,490.0,1051.0,511.0,-1,-1,COLLISION,0.6814427971839905,14336
